sdev_cij_x_agg	sdev_cij_y_agg	sdev_cij_y
0.02	0.03	2
0.35000000000000003	0.2	2
0.35000000000000003	0.18000000000000002	2
0.35000000000000003	0.16	2
0.35000000000000003	0.12	2
0.35000000000000003	0.11	2
0.35000000000000003	0.08	2
0.35000000000000003	0.06999999999999999	2
0.34	0.42	2
0.34	0.33	2
0.34	0.2	2
0.34	0.03	2
0.34	0.02	2
0.33	0.45	2
0.33	0.42	2
0.33	0.33	2
0.33	0.27	2
0.33	0.26	2
0.32	0.01	2
0.32	0.08	2
0.32	0.2	2
0.32	0.24000000000000002	2
0.32	0.25	2
0.32	0.33	2
0.35000000000000003	0.3	2
0.32	0.35000000000000003	2
0.33	0.15000000000000002	2
0.33	0.2	2
0.33	0.21000000000000002	2
0.33	0.22	2
0.33	0.24000000000000002	2
0.33	0.25	2
0.33	0.09	2
0.35000000000000003	0.35000000000000003	2
0.35000000000000003	0.38	2
0.35000000000000003	0.39	2
0.37	0.19	2
0.37	0.24000000000000002	2
0.37	0.31	2
0.37	0.36	2
0.37	0.37	2
0.37	0.39	2
0.37	0.16	2
0.37	0.41000000000000003	2
0.38	0.060000000000000005	2
0.38	0.09	2
0.38	0.09999999999999999	2
0.38	0.12	2
0.38	0.13	2
0.38	0.18000000000000002	2
0.38	0.04	2
0.31	0.44	2
0.37	0.14	2
0.37	0.08	2
0.35000000000000003	0.43	2
0.36	0.13	2
0.36	0.24000000000000002	2
0.36	0.26	2
0.36	0.31	2
0.36	0.32	2
0.37	0.13	2
0.36	0.34	2
0.36	0.38	2
0.36	0.39	2
0.36	0.45	2
0.37	0.03	2
0.37	0.05	2
0.37	0.060000000000000005	2
0.36	0.36	2
0.31	0.39	2
0.31	0.36	2
0.31	0.33	2
0.22	0.35000000000000003	2
0.22	0.37	2
0.22	0.41000000000000003	2
0.23	0.23	2
0.23	0.29000000000000004	2
0.23	0.31	2
0.22	0.3	2
0.23	0.39	2
0.24000000000000002	0.4	2
0.24000000000000002	0.44	2
0.24000000000000002	0.45	2
0.25	0.31	2
0.25	0.36	2
0.25	0.41000000000000003	2
0.24000000000000002	0.33	2
0.26	0.01	2
0.22	0.25	2
0.21000000000000002	0.38	2
0.18000000000000002	0.29000000000000004	2
0.18000000000000002	0.3	2
0.18000000000000002	0.43	2
0.19	0.29000000000000004	2
0.19	0.35000000000000003	2
0.2	0.27	2
0.21000000000000002	0.4	2
0.2	0.28	2
0.21000000000000002	0.26	2
0.21000000000000002	0.27	2
0.21000000000000002	0.28	2
0.21000000000000002	0.29000000000000004	2
0.21000000000000002	0.31	2
0.21000000000000002	0.34	2
0.2	0.31	2
0.38	0.21000000000000002	2
0.26	0.02	2
0.26	0.33	2
0.28	0.41000000000000003	2
0.29000000000000004	0.03	2
0.29000000000000004	0.28	2
0.29000000000000004	0.29000000000000004	2
0.29000000000000004	0.32	2
0.29000000000000004	0.42	2
0.28	0.37	2
0.3	0.09	2
0.3	0.2	2
0.3	0.24000000000000002	2
0.3	0.26	2
0.3	0.35000000000000003	2
0.3	0.36	2
0.31	0.3	2
0.3	0.15000000000000002	2
0.26	0.31	2
0.28	0.34	2
0.28	0.27	2
0.26	0.35000000000000003	2
0.26	0.38	2
0.26	0.4	2
0.26	0.43	2
0.26	0.5	2
0.27	0.28	2
0.28	0.28	2
0.27	0.29000000000000004	2
0.27	0.35000000000000003	2
0.27	0.37	2
0.27	0.38	2
0.27	0.39	2
0.27	0.4	2
0.28	0.03	2
0.27	0.3	2
0.18000000000000002	0.28	2
0.38	0.28	2
0.38	0.34	2
0.48	0.11	2
0.48	0.06999999999999999	2
0.48	0.03	2
0.48	0.02	2
0.47000000000000003	0.3	2
0.47000000000000003	0.28	2
0.47000000000000003	0.18000000000000002	2
0.47000000000000003	0.16	2
0.47000000000000003	0.13	2
0.47000000000000003	0.12	2
0.47000000000000003	0.09999999999999999	2
0.47000000000000003	0.09	2
0.47000000000000003	0.06999999999999999	2
0.47000000000000003	0.04	2
0.46	0.29000000000000004	2
0.46	0.26	2
0.46	0.25	2
0.45	0.15000000000000002	2
0.45	0.17	2
0.45	0.18000000000000002	2
0.45	0.2	2
0.45	0.24000000000000002	2
0.45	0.28	2
0.48	0.21000000000000002	2
0.45	0.32	2
0.46	0.05	2
0.46	0.09	2
0.46	0.17	2
0.46	0.18000000000000002	2
0.46	0.21000000000000002	2
0.46	0.23	2
0.46	0.04	2
0.48	0.24000000000000002	2
0.48	0.25	2
0.49	0.02	2
0.53	0.15000000000000002	2
0.53	0.26	2
0.54	0.06999999999999999	2
0.54	0.08	2
0.54	0.09	2
0.54	0.13	2
0.53	0.11	2
0.54	0.17	2
0.54	0.3	2
0.55	0.060000000000000005	2
0.55	0.06999999999999999	2
0.55	0.14	2
0.55	0.15000000000000002	2
0.55	0.16	2
0.54	0.18000000000000002	2
0.45	0.14	2
0.52	0.15000000000000002	2
0.52	0.05	2
0.49	0.12	2
0.49	0.16	2
0.49	0.17	2
0.49	0.2	2
0.49	0.22	2
0.49	0.23	2
0.52	0.08	2
0.5	0.05	2
0.5	0.16	2
0.51	0.05	2
0.51	0.06999999999999999	2
0.51	0.15000000000000002	2
0.51	0.34	2
0.52	0.02	2
0.5	0.11	2
0.45	0.13	2
0.45	0.09999999999999999	2
0.45	0.06999999999999999	2
0.41000000000000003	0.04	2
0.41000000000000003	0.060000000000000005	2
0.41000000000000003	0.06999999999999999	2
0.41000000000000003	0.09	2
0.41000000000000003	0.09999999999999999	2
0.41000000000000003	0.11	2
0.4	0.33	2
0.41000000000000003	0.13	2
0.41000000000000003	0.18000000000000002	2
0.41000000000000003	0.23	2
0.41000000000000003	0.25	2
0.41000000000000003	0.27	2
0.41000000000000003	0.3	2
0.41000000000000003	0.32	2
0.41000000000000003	0.14	2
0.41000000000000003	0.33	2
0.4	0.3	2
0.4	0.26	2
0.38	0.37	2
0.39	0.02	2
0.39	0.04	2
0.39	0.06999999999999999	2
0.39	0.16	2
0.39	0.29000000000000004	2
0.4	0.29000000000000004	2
0.39	0.31	2
0.4	0.08	2
0.4	0.12	2
0.4	0.18000000000000002	2
0.4	0.19	2
0.4	0.23	2
0.4	0.24000000000000002	2
0.39	0.36	2
0.38	0.32	2
0.41000000000000003	0.35000000000000003	2
0.42	0.06999999999999999	2
0.43	0.13	2
0.43	0.26	2
0.43	0.31	2
0.43	0.33	2
0.43	0.34	2
0.43	0.39	2
0.43	0.11	2
0.44	0.06999999999999999	2
0.44	0.14	2
0.44	0.16	2
0.44	0.2	2
0.44	0.21000000000000002	2
0.44	0.25	2
0.44	0.3	2
0.44	0.09999999999999999	2
0.42	0.05	2
0.43	0.06999999999999999	2
0.43	0.03	2
0.42	0.09	2
0.42	0.09999999999999999	2
0.42	0.11	2
0.42	0.12	2
0.42	0.13	2
0.42	0.16	2
0.43	0.04	2
0.42	0.17	2
0.42	0.22	2
0.42	0.23	2
0.42	0.29000000000000004	2
0.42	0.3	2
0.42	0.32	2
0.42	0.35000000000000003	2
0.42	0.2	2
0.18000000000000002	0.25	2
0.55	0.28	2
0.11	0.22	2
0.09	0.19	2
0.13	0.24000000000000002	2
0.13	0.27	2
0.060000000000000005	0.09	2
0.060000000000000005	0.09999999999999999	2
0.060000000000000005	0.11	2
0.15000000000000002	0.24000000000000002	2
0.09	0.14	2
0.15000000000000002	0.23	2
0.14	0.42	2
0.09999999999999999	0.16	2
0.14	0.25	2
0.09999999999999999	0.17	2
0.06999999999999999	0.09	2
0.06999999999999999	0.09999999999999999	2
0.11	0.19	2
0.16	0.23	2
0.16	0.25	2
0.08	0.18000000000000002	2
0.16	0.33	2
0.11	0.18000000000000002	2
0.06999999999999999	0.12	2
0.06999999999999999	0.13	2
0.06999999999999999	0.23	2
0.08	0.14	2
0.11	0.16	2
0.09999999999999999	0.18000000000000002	2
0.13	0.2	2
0.13	0.19	2
0.13	0.21000000000000002	2
0.09	0.2	2
0.02	0.04	2
0.09999999999999999	0.14	2
0.03	0.04	2
0.12	0.23	2
0.12	0.22	2
0.14	0.26	2
0.17	0.32	2
0.03	0.05	2
0.03	0.060000000000000005	2
0.14	0.23	2
0.14	0.22	2
0.17	0.25	2
0.05	0.08	2
0.15000000000000002	0.36	2
0.14	0.31	2
0.09999999999999999	0.15000000000000002	2
0.04	0.06999999999999999	2
0.05	0.060000000000000005	2
0.17	0.23	2
0.13	0.18000000000000002	2
0.15000000000000002	0.27	2
0.04	0.09	2
0.15000000000000002	0.28	2
0.15000000000000002	0.29000000000000004	2
0.09	0.23	2
0.15000000000000002	0.33	2
0.12	0.17	2
0.09999999999999999	0.22	2
0.35000000000000003	0.19	4
0.25	0.21000000000000002	4
0.35000000000000003	0.25	4
0.14	0.19	4
0.35000000000000003	0.14	4
0.35000000000000003	0.33	4
0.35000000000000003	0.26	4
0.35000000000000003	0.31	4
0.32	0.05	4
0.36	0.04	4
0.38	0.23	4
0.38	0.2	4
0.23	0.27	4
0.23	0.3	4
0.38	0.14	4
0.23	0.32	4
0.37	0.35000000000000003	4
0.37	0.33	4
0.37	0.29000000000000004	4
0.37	0.28	4
0.37	0.23	4
0.37	0.18000000000000002	4
0.36	0.03	4
0.37	0.17	4
0.14	0.01	4
0.37	0.04	4
0.36	0.3	4
0.24000000000000002	0.24000000000000002	4
0.36	0.17	4
0.24000000000000002	0.31	4
0.24000000000000002	0.32	4
0.24000000000000002	0.34	4
0.36	0.08	4
0.25	0.02	4
0.36	0.060000000000000005	4
0.36	0.05	4
0.37	0.09	4
0.14	0.24000000000000002	4
0.34	0.04	4
0.25	0.26	4
0.32	0.04	4
0.15000000000000002	0.22	4
0.31	0.34	4
0.31	0.31	4
0.15000000000000002	0.25	4
0.31	0.29000000000000004	4
0.31	0.27	4
0.31	0.24000000000000002	4
0.31	0.09	4
0.31	0.03	4
0.55	0.17	4
0.31	0.02	4
0.16	0.22	4
0.32	0.060000000000000005	4
0.3	0.37	4
0.3	0.25	4
0.3	0.22	4
0.3	0.18000000000000002	4
0.3	0.04	4
0.3	0.03	4
0.29000000000000004	0.39	4
0.29000000000000004	0.35000000000000003	4
0.29000000000000004	0.3	4
0.29000000000000004	0.24000000000000002	4
0.29000000000000004	0.13	4
0.28	0.33	4
0.28	0.29000000000000004	4
0.28	0.25	4
0.3	0.33	4
0.35000000000000003	0.060000000000000005	4
0.32	0.11	4
0.27	0.02	4
0.34	0.34	4
0.34	0.31	4
0.25	0.33	4
0.34	0.3	4
0.25	0.38	4
0.34	0.27	4
0.34	0.26	4
0.34	0.22	4
0.34	0.16	4
0.34	0.06999999999999999	4
0.38	0.25	4
0.15000000000000002	0.01	4
0.33	0.38	4
0.32	0.28	4
0.33	0.31	4
0.33	0.18000000000000002	4
0.33	0.14	4
0.33	0.13	4
0.33	0.11	4
0.33	0.08	4
0.26	0.26	4
0.33	0.060000000000000005	4
0.26	0.28	4
0.26	0.29000000000000004	4
0.33	0.03	4
0.32	0.37	4
0.26	0.32	4
0.16	0.27	4
0.33	0.23	4
0.38	0.26	4
0.38	0.17	4
0.38	0.27	4
0.47000000000000003	0.19	4
0.47000000000000003	0.17	4
0.47000000000000003	0.11	4
0.47000000000000003	0.05	4
0.46	0.22	4
0.46	0.19	4
0.08	0.09999999999999999	4
0.46	0.16	4
0.46	0.15000000000000002	4
0.2	0.22	4
0.46	0.14	4
0.08	0.12	4
0.46	0.060000000000000005	4
0.2	0.26	4
0.45	0.16	4
0.2	0.32	4
0.09	0.11	4
0.09	0.15000000000000002	4
0.44	0.18000000000000002	4
0.23	0.22	4
0.44	0.13	4
0.44	0.02	4
0.43	0.28	4
0.43	0.27	4
0.43	0.25	4
0.43	0.24000000000000002	4
0.43	0.21000000000000002	4
0.43	0.16	4
0.43	0.14	4
0.47000000000000003	0.21000000000000002	4
0.21000000000000002	0.22	4
0.47000000000000003	0.22	4
0.48	0.08	4
0.03	0.02	4
0.55	0.12	4
0.55	0.09999999999999999	4
0.55	0.03	4
0.18000000000000002	0.23	4
0.18000000000000002	0.24000000000000002	4
0.55	0.02	4
0.54	0.16	4
0.18000000000000002	0.27	4
0.04	0.05	4
0.04	0.060000000000000005	4
0.18000000000000002	0.32	4
0.54	0.05	4
0.54	0.02	4
0.53	0.060000000000000005	4
0.53	0.04	4
0.52	0.060000000000000005	4
0.05	0.06999999999999999	4
0.51	0.13	4
0.51	0.060000000000000005	4
0.51	0.03	4
0.060000000000000005	0.08	4
0.49	0.19	4
0.49	0.14	4
0.49	0.04	4
0.48	0.22	4
0.19	0.26	4
0.19	0.27	4
0.48	0.15000000000000002	4
0.47000000000000003	0.25	4
0.21000000000000002	0.23	4
0.28	0.22	4
0.17	0.3	4
0.42	0.15000000000000002	4
0.41000000000000003	0.22	4
0.41000000000000003	0.21000000000000002	4
0.39	0.14	4
0.11	0.17	4
0.41000000000000003	0.12	4
0.39	0.15000000000000002	4
0.11	0.21000000000000002	4
0.4	0.25	4
0.22	0.24000000000000002	4
0.39	0.18000000000000002	4
0.4	0.21000000000000002	4
0.4	0.2	4
0.43	0.12	4
0.23	0.02	4
0.22	0.29000000000000004	4
0.4	0.11	4
0.4	0.09999999999999999	4
0.4	0.09	4
0.42	0.18000000000000002	4
0.42	0.19	4
0.41000000000000003	0.19	4
0.38	0.29000000000000004	4
0.39	0.09	4
0.22	0.03	4
0.17	0.27	4
0.39	0.08	4
0.39	0.09999999999999999	4
0.12	0.19	4
0.39	0.03	4
0.21000000000000002	0.3	4
0.39	0.05	4
0.42	0.25	4
0.17	0.26	4
0.3	0.19	6
0.37	0.15000000000000002	6
0.29000000000000004	0.02	6
0.31	0.04	6
0.5	0.06999999999999999	6
0.55	0.09	6
0.31	0.25	6
0.5	0.02	6
0.28	0.26	6
0.31	0.11	6
0.39	0.22	6
0.39	0.17	6
0.05	0.05	6
0.3	0.12	6
0.39	0.11	6
0.39	0.12	6
0.39	0.26	6
0.3	0.23	6
0.38	0.15000000000000002	6
0.39	0.2	6
0.28	0.23	6
0.54	0.04	6
0.29000000000000004	0.27	6
0.55	0.08	6
0.29000000000000004	0.23	6
0.37	0.22	6
0.29000000000000004	0.2	6
0.37	0.27	6
0.37	0.12	6
0.32	0.26	6
0.39	0.32	6
0.35000000000000003	0.28	6
0.34	0.05	6
0.42	0.21000000000000002	6
0.14	0.18000000000000002	6
0.34	0.18000000000000002	6
0.34	0.19	6
0.42	0.24000000000000002	6
0.34	0.24000000000000002	6
0.34	0.25	6
0.35000000000000003	0.15000000000000002	6
0.14	0.21000000000000002	6
0.43	0.23	6
0.43	0.22	6
0.43	0.18000000000000002	6
0.35000000000000003	0.09999999999999999	6
0.35000000000000003	0.09	6
0.35000000000000003	0.05	6
0.09	0.12	6
0.37	0.11	6
0.11	0.15000000000000002	6
0.33	0.12	6
0.48	0.17	6
0.32	0.06999999999999999	6
0.15000000000000002	0.19	6
0.48	0.12	6
0.32	0.21000000000000002	6
0.32	0.27	6
0.36	0.28	6
0.36	0.21000000000000002	6
0.36	0.2	6
0.06999999999999999	0.11	6
0.32	0.3	6
0.32	0.32	6
0.36	0.19	6
0.36	0.15000000000000002	6
0.36	0.09	6
0.33	0.06999999999999999	6
0.36	0.06999999999999999	6
0.33	0.17	6
0.34	0.13	6
0.27	0.26	6
0.16	0.21000000000000002	6
0.18000000000000002	0.26	6
0.22	0.23	6
0.27	0.27	6
0.24000000000000002	0.3	6
0.18000000000000002	0.22	6
0.22	0.28	6
0.22	0.33	6
0.25	0.25	6
0.23	0.28	6
0.19	0.22	6
0.19	0.24000000000000002	6
0.26	0.27	6
0.25	0.27	6
0.24000000000000002	0.28	6
0.28	0.02	6
0.27	0.24000000000000002	6
0.21000000000000002	0.24000000000000002	6
0.27	0.23	6
0.21000000000000002	0.25	6
0.2	0.23	6
0.28	0.08	6
0.25	0.3	6
0.24000000000000002	0.25	6
0.17	0.24000000000000002	6
0.2	0.24000000000000002	6
0.31	0.19	8
0.25	0.03	8
0.32	0.02	8
0.15000000000000002	0.21000000000000002	8
0.31	0.060000000000000005	8
0.24000000000000002	0.26	8
0.31	0.09999999999999999	8
0.31	0.28	8
0.31	0.14	8
0.27	0.19	8
0.31	0.22	8
0.36	0.22	8
0.31	0.21000000000000002	8
0.09	0.13	8
0.27	0.18000000000000002	8
0.34	0.09999999999999999	8
0.31	0.15000000000000002	8
0.32	0.12	8
0.34	0.12	8
0.08	0.11	8
0.34	0.14	8
0.26	0.14	8
0.47000000000000003	0.14	8
0.47000000000000003	0.15000000000000002	8
0.33	0.32	8
0.26	0.04	8
0.34	0.28	8
0.2	0.25	8
0.25	0.29000000000000004	8
0.26	0.23	8
0.26	0.3	8
0.19	0.23	8
0.35000000000000003	0.03	8
0.27	0.03	8
0.19	0.21000000000000002	8
0.25	0.23	8
0.32	0.22	8
0.25	0.2	8
0.25	0.19	8
0.14	0.2	8
0.35000000000000003	0.17	8
0.18000000000000002	0.01	8
0.45	0.19	8
0.34	0.09	8
0.24000000000000002	0.04	8
0.23	0.24000000000000002	8
0.12	0.16	8
0.29000000000000004	0.04	8
0.3	0.060000000000000005	8
0.23	0.26	8
0.3	0.08	8
0.37	0.26	8
0.38	0.19	8
0.23	0.2	8
0.24000000000000002	0.02	8
0.13	0.17	8
0.29000000000000004	0.12	8
0.22	0.2	8
0.39	0.27	8
0.38	0.16	8
0.3	0.05	8
0.17	0.22	8
0.3	0.34	8
0.53	0.03	8
0.29000000000000004	0.26	8
0.3	0.21000000000000002	8
0.27	0.31	8
0.39	0.21000000000000002	8
0.29000000000000004	0.17	8
0.43	0.15000000000000002	8
0.27	0.32	8
0.39	0.19	8
0.28	0.2	8
0.26	0.25	10
0.29000000000000004	0.18000000000000002	10
0.29000000000000004	0.14	10
0.25	0.24000000000000002	10
0.32	0.23	10
0.17	0.01	10
0.16	0.2	10
0.26	0.22	10
0.39	0.060000000000000005	10
0.34	0.17	10
0.34	0.21000000000000002	10
0.12	0.2	10
0.23	0.03	10
0.39	0.23	10
0.18000000000000002	0.2	10
0.48	0.2	10
0.34	0.23	10
0.06999999999999999	0.06999999999999999	10
0.26	0.17	10
0.18000000000000002	0.21000000000000002	10
0.48	0.18000000000000002	10
0.29000000000000004	0.21000000000000002	10
0.26	0.2	10
0.29000000000000004	0.060000000000000005	10
0.06999999999999999	0.08	10
0.17	0.2	10
0.32	0.16	10
0.32	0.19	10
0.27	0.25	10
0.16	0.19	10
0.31	0.05	10
0.31	0.08	10
0.27	0.22	10
0.3	0.17	10
0.31	0.16	10
0.11	0.01	10
0.42	0.14	10
0.31	0.23	10
0.27	0.2	10
0.15000000000000002	0.18000000000000002	10
0.32	0.03	10
0.27	0.16	10
0.28	0.24000000000000002	10
0.29000000000000004	0.25	10
0.04	0.01	10
0.13	0.16	10
0.25	0.04	10
0.27	0.08	10
0.21000000000000002	0.02	10
0.17	0.18000000000000002	12
0.35000000000000003	0.13	12
0.36	0.23	12
0.2	0.2	12
0.09999999999999999	0.13	12
0.22	0.22	12
0.13	0.14	12
0.24000000000000002	0.21000000000000002	12
0.25	0.14	12
0.28	0.21000000000000002	12
0.43	0.19	12
0.26	0.03	12
0.22	0.16	12
0.36	0.18000000000000002	12
0.39	0.25	12
0.23	0.21000000000000002	12
0.36	0.16	12
0.43	0.17	12
0.36	0.12	12
0.36	0.11	12
0.36	0.09999999999999999	12
0.22	0.05	12
0.12	0.15000000000000002	12
0.26	0.16	12
0.54	0.060000000000000005	12
0.32	0.18000000000000002	12
0.28	0.14	12
0.28	0.13	12
0.04	0.04	12
0.28	0.04	12
0.28	0.09	12
0.32	0.09	12
0.27	0.09	12
0.3	0.06999999999999999	12
0.55	0.04	12
0.54	0.03	12
0.15000000000000002	0.2	12
0.3	0.13	12
0.27	0.14	12
0.27	0.15000000000000002	12
0.27	0.21000000000000002	12
0.31	0.18000000000000002	12
0.31	0.13	12
0.34	0.08	12
0.05	0.01	12
0.19	0.19	12
0.27	0.04	12
0.3	0.16	12
0.29000000000000004	0.06999999999999999	12
0.29000000000000004	0.09999999999999999	12
0.29000000000000004	0.08	12
0.34	0.060000000000000005	12
0.26	0.19	12
0.26	0.24000000000000002	12
0.48	0.19	12
0.36	0.29000000000000004	14
0.3	0.09999999999999999	14
0.43	0.2	14
0.22	0.18000000000000002	14
0.18000000000000002	0.19	14
0.22	0.17	14
0.3	0.11	14
0.36	0.14	14
0.28	0.17	14
0.23	0.18000000000000002	14
0.060000000000000005	0.060000000000000005	14
0.27	0.17	14
0.34	0.15000000000000002	14
0.31	0.17	14
0.24000000000000002	0.14	14
0.31	0.06999999999999999	14
0.060000000000000005	0.06999999999999999	14
0.24000000000000002	0.15000000000000002	14
0.23	0.05	14
0.24000000000000002	0.23	14
0.24000000000000002	0.18000000000000002	14
0.18000000000000002	0.18000000000000002	14
0.29000000000000004	0.15000000000000002	14
0.17	0.21000000000000002	14
0.26	0.21000000000000002	14
0.15000000000000002	0.17	14
0.19	0.2	14
0.17	0.19	14
0.32	0.17	14
0.32	0.15000000000000002	14
0.26	0.18000000000000002	14
0.22	0.19	14
0.27	0.06999999999999999	14
0.29000000000000004	0.11	14
0.21000000000000002	0.2	14
0.14	0.16	14
0.2	0.21000000000000002	14
0.14	0.17	14
0.28	0.060000000000000005	14
0.29000000000000004	0.09	14
0.19	0.02	14
0.28	0.06999999999999999	16
0.29000000000000004	0.19	16
0.24000000000000002	0.19	16
0.23	0.25	16
0.12	0.01	16
0.28	0.15000000000000002	16
0.22	0.21000000000000002	16
0.29000000000000004	0.22	16
0.13	0.01	16
0.28	0.19	16
0.3	0.14	16
0.55	0.05	16
0.23	0.09999999999999999	16
0.48	0.16	16
0.32	0.09999999999999999	16
0.32	0.13	16
0.22	0.02	16
0.25	0.060000000000000005	16
0.25	0.17	16
0.25	0.18000000000000002	16
0.25	0.22	16
0.27	0.05	16
0.18000000000000002	0.02	16
0.25	0.09999999999999999	16
0.25	0.11	16
0.31	0.12	16
0.16	0.17	16
0.2	0.02	16
0.23	0.08	18
0.29000000000000004	0.05	18
0.08	0.09	18
0.26	0.13	18
0.26	0.08	18
0.25	0.16	18
0.23	0.17	18
0.28	0.18000000000000002	18
0.25	0.13	18
0.34	0.11	18
0.09999999999999999	0.11	18
0.26	0.09999999999999999	18
0.24000000000000002	0.06999999999999999	18
0.25	0.12	18
0.09999999999999999	0.01	18
0.21000000000000002	0.16	18
0.25	0.05	18
0.27	0.09999999999999999	18
0.24000000000000002	0.060000000000000005	18
0.27	0.13	18
0.22	0.04	18
0.21000000000000002	0.21000000000000002	18
0.26	0.06999999999999999	20
0.24000000000000002	0.22	20
0.11	0.14	20
0.26	0.060000000000000005	20
0.23	0.04	20
0.26	0.11	20
0.24000000000000002	0.2	20
0.18000000000000002	0.16	20
0.28	0.16	20
0.32	0.14	20
0.28	0.05	20
0.08	0.08	20
0.27	0.12	20
0.27	0.11	20
0.17	0.02	20
0.21000000000000002	0.17	20
0.28	0.11	20
0.21000000000000002	0.19	20
0.2	0.09999999999999999	22
0.19	0.18000000000000002	22
0.2	0.03	22
0.2	0.18000000000000002	22
0.12	0.14	22
0.21000000000000002	0.03	22
0.24000000000000002	0.03	22
0.15000000000000002	0.16	22
0.23	0.12	22
0.13	0.13	22
0.16	0.15000000000000002	22
0.26	0.09	22
0.25	0.15000000000000002	22
0.24000000000000002	0.09999999999999999	22
0.11	0.13	24
0.28	0.12	24
0.22	0.060000000000000005	24
0.26	0.05	24
0.24000000000000002	0.05	24
0.16	0.18000000000000002	24
0.21000000000000002	0.14	24
0.27	0.060000000000000005	24
0.12	0.13	24
0.24000000000000002	0.17	24
0.09999999999999999	0.12	24
0.17	0.16	24
0.17	0.17	24
0.22	0.09999999999999999	24
0.26	0.12	24
0.24000000000000002	0.13	24
0.23	0.16	24
0.23	0.14	24
0.19	0.17	24
0.23	0.060000000000000005	24
0.2	0.19	24
0.2	0.16	24
0.24000000000000002	0.11	26
0.22	0.13	26
0.19	0.15000000000000002	26
0.11	0.12	26
0.16	0.16	26
0.05	0.04	26
0.2	0.04	26
0.18000000000000002	0.17	26
0.25	0.06999999999999999	26
0.25	0.09	26
0.23	0.19	28
0.09	0.09999999999999999	28
0.29000000000000004	0.16	28
0.23	0.15000000000000002	28
0.22	0.14	28
0.24000000000000002	0.16	28
0.24000000000000002	0.09	28
0.2	0.14	28
0.28	0.09999999999999999	28
0.26	0.15000000000000002	28
0.23	0.13	28
0.19	0.16	28
0.21000000000000002	0.04	28
0.2	0.17	28
0.25	0.08	30
0.15000000000000002	0.15000000000000002	30
0.21000000000000002	0.18000000000000002	30
0.06999999999999999	0.01	30
0.22	0.06999999999999999	30
0.2	0.060000000000000005	30
0.23	0.09	30
0.04	0.03	32
0.2	0.15000000000000002	32
0.23	0.06999999999999999	32
0.21000000000000002	0.12	32
0.16	0.02	32
0.14	0.15000000000000002	32
0.22	0.12	32
0.22	0.15000000000000002	32
0.13	0.15000000000000002	32
0.19	0.04	34
0.12	0.12	34
0.23	0.11	34
0.18000000000000002	0.15000000000000002	34
0.24000000000000002	0.12	34
0.22	0.08	36
0.21000000000000002	0.15000000000000002	36
0.17	0.15000000000000002	36
0.09999999999999999	0.09999999999999999	36
0.14	0.13	36
0.09	0.01	36
0.15000000000000002	0.02	38
0.17	0.14	40
0.14	0.14	40
0.19	0.03	40
0.09999999999999999	0.09	40
0.21000000000000002	0.11	40
0.18000000000000002	0.14	40
0.08	0.01	40
0.12	0.11	40
0.2	0.05	40
0.11	0.09999999999999999	42
0.11	0.11	42
0.18000000000000002	0.13	42
0.21000000000000002	0.13	42
0.060000000000000005	0.01	42
0.18000000000000002	0.03	42
0.21000000000000002	0.06999999999999999	44
0.060000000000000005	0.05	44
0.15000000000000002	0.14	44
0.09	0.09	44
0.21000000000000002	0.060000000000000005	46
0.22	0.09	46
0.22	0.11	46
0.2	0.06999999999999999	46
0.16	0.14	46
0.21000000000000002	0.09999999999999999	48
0.24000000000000002	0.08	48
0.21000000000000002	0.05	48
0.14	0.02	48
0.18000000000000002	0.04	48
0.2	0.13	48
0.2	0.11	50
0.19	0.14	50
0.06999999999999999	0.060000000000000005	50
0.19	0.11	52
0.19	0.09	52
0.16	0.03	52
0.19	0.08	52
0.09	0.08	52
0.16	0.13	54
0.17	0.03	54
0.08	0.06999999999999999	54
0.19	0.09999999999999999	54
0.04	0.02	54
0.19	0.05	56
0.2	0.09	56
0.18000000000000002	0.11	58
0.15000000000000002	0.13	58
0.2	0.12	58
0.18000000000000002	0.12	58
0.21000000000000002	0.09	58
0.21000000000000002	0.08	58
0.17	0.13	58
0.13	0.12	58
0.17	0.08	60
0.13	0.02	60
0.14	0.12	60
0.14	0.11	60
0.13	0.11	64
0.19	0.13	64
0.19	0.12	66
0.18000000000000002	0.05	66
0.18000000000000002	0.09999999999999999	66
0.19	0.06999999999999999	66
0.16	0.12	68
0.17	0.04	70
0.12	0.09	70
0.12	0.09999999999999999	70
0.19	0.060000000000000005	70
0.15000000000000002	0.12	74
0.18000000000000002	0.08	74
0.17	0.11	74
0.17	0.12	74
0.16	0.11	76
0.18000000000000002	0.09	78
0.18000000000000002	0.060000000000000005	78
0.15000000000000002	0.03	80
0.15000000000000002	0.09999999999999999	80
0.15000000000000002	0.11	82
0.2	0.08	82
0.13	0.09999999999999999	86
0.11	0.09	86
0.12	0.02	90
0.09999999999999999	0.08	92
0.17	0.09999999999999999	94
0.18000000000000002	0.06999999999999999	94
0.17	0.09	94
0.16	0.09999999999999999	94
0.16	0.09	96
0.17	0.060000000000000005	98
0.09	0.06999999999999999	100
0.16	0.05	102
0.15000000000000002	0.05	106
0.15000000000000002	0.04	106
0.16	0.04	106
0.08	0.060000000000000005	106
0.17	0.05	108
0.14	0.09	108
0.15000000000000002	0.09	110
0.13	0.09	110
0.17	0.06999999999999999	112
0.09999999999999999	0.06999999999999999	112
0.06999999999999999	0.05	114
0.11	0.08	116
0.14	0.03	116
0.060000000000000005	0.04	120
0.15000000000000002	0.060000000000000005	122
0.05	0.03	124
0.14	0.09999999999999999	124
0.16	0.060000000000000005	126
0.16	0.06999999999999999	126
0.11	0.02	126
0.11	0.06999999999999999	126
0.09999999999999999	0.02	126
0.14	0.08	126
0.12	0.08	132
0.16	0.08	134
0.15000000000000002	0.08	136
0.15000000000000002	0.06999999999999999	140
0.13	0.08	142
0.13	0.06999999999999999	144
0.14	0.06999999999999999	144
0.13	0.03	146
0.09	0.060000000000000005	150
0.14	0.04	150
0.05	0.02	158
0.14	0.060000000000000005	164
0.14	0.05	164
0.09	0.02	164
0.08	0.05	174
0.12	0.06999999999999999	180
0.12	0.060000000000000005	182
0.12	0.03	182
0.12	0.04	184
0.13	0.04	190
0.06999999999999999	0.04	190
0.13	0.05	194
0.09999999999999999	0.060000000000000005	200
0.13	0.060000000000000005	200
0.11	0.03	212
0.060000000000000005	0.02	218
0.12	0.05	220
0.11	0.060000000000000005	230
0.08	0.02	240
0.11	0.05	242
0.060000000000000005	0.03	242
0.09999999999999999	0.03	260
0.06999999999999999	0.02	266
0.09	0.05	268
0.09999999999999999	0.04	272
0.08	0.04	276
0.11	0.04	282
0.09	0.04	298
0.09999999999999999	0.05	304
0.06999999999999999	0.03	304
0.08	0.03	328
0.09	0.03	350
